-100.000000 -98.995984 0
-98.995984 -97.991968 0
-97.991968 -96.987952 0
-96.987952 -95.983936 0
-95.983936 -94.979920 0
-94.979920 -93.975904 0
-93.975904 -92.971888 0
-92.971888 -91.967871 0
-91.967871 -90.963855 0
-90.963855 -89.959839 0
-89.959839 -88.955823 0
-88.955823 -87.951807 0
-87.951807 -86.947791 0
-86.947791 -85.943775 0
-85.943775 -84.939759 0
-84.939759 -83.935743 0
-83.935743 -82.931727 22
-82.931727 -81.927711 31
-81.927711 -80.923695 34
-80.923695 -79.919679 33
-79.919679 -78.915663 29
-78.915663 -77.911647 40
-77.911647 -76.907631 32
-76.907631 -75.903614 41
-75.903614 -74.899598 66
-74.899598 -73.895582 84
-73.895582 -72.891566 109
-72.891566 -71.887550 124
-71.887550 -70.883534 118
-70.883534 -69.879518 127
-69.879518 -68.875502 141
-68.875502 -67.871486 181
-67.871486 -66.867470 326
-66.867470 -65.863454 472
-65.863454 -64.859438 619
-64.859438 -63.855422 797
-63.855422 -62.851406 935
-62.851406 -61.847390 1209
-61.847390 -60.843373 1466
-60.843373 -59.839357 1901
-59.839357 -58.835341 2529
-58.835341 -57.831325 3272
-57.831325 -56.827309 4072
-56.827309 -55.823293 4770
-55.823293 -54.819277 5749
-54.819277 -53.815261 7198
-53.815261 -52.811245 8604
-52.811245 -51.807229 10243
-51.807229 -50.803213 12776
-50.803213 -49.799197 15247
-49.799197 -48.795181 17993
-48.795181 -47.791165 22116
-47.791165 -46.787149 27176
-46.787149 -45.783133 32895
-45.783133 -44.779116 38636
-44.779116 -43.775100 46134
-43.775100 -42.771084 55153
-42.771084 -41.767068 65747
-41.767068 -40.763052 78774
-40.763052 -39.759036 93711
-39.759036 -38.755020 108804
-38.755020 -37.751004 127038
-37.751004 -36.746988 146780
-36.746988 -35.742972 170955
-35.742972 -34.738956 196164
-34.738956 -33.734940 226738
-33.734940 -32.730924 259927
-32.730924 -31.726908 296282
-31.726908 -30.722892 337367
-30.722892 -29.718876 380337
-29.718876 -28.714859 429048
-28.714859 -27.710843 479289
-27.710843 -26.706827 534846
-26.706827 -25.702811 590499
-25.702811 -24.698795 655330
-24.698795 -23.694779 724064
-23.694779 -22.690763 798599
-22.690763 -21.686747 876848
-21.686747 -20.682731 953522
-20.682731 -19.678715 1037510
-19.678715 -18.674699 1125045
-18.674699 -17.670683 1212140
-17.670683 -16.666667 1299081
-16.666667 -15.662651 1388451
-15.662651 -14.658635 1480112
-14.658635 -13.654618 1571461
-13.654618 -12.650602 1665664
-12.650602 -11.646586 1754784
-11.646586 -10.642570 1842180
-10.642570 -9.638554 1930651
-9.638554 -8.634538 2009774
-8.634538 -7.630522 2080864
-7.630522 -6.626506 2151247
-6.626506 -5.622490 2213838
-5.622490 -4.618474 2268136
-4.618474 -3.614458 2320651
-3.614458 -2.610442 2370354
-2.610442 -1.606426 2402633
-1.606426 -0.602410 2429913
-0.602410 0.401606 2443206
0.401606 1.405622 2446711
1.405622 2.409639 2438705
2.409639 3.413655 2429066
3.413655 4.417671 2412171
4.417671 5.421687 2378839
5.421687 6.425703 2339211
6.425703 7.429719 2295109
7.429719 8.433735 2243904
8.433735 9.437751 2182331
9.437751 10.441767 2116511
10.441767 11.445783 2044102
11.445783 12.449799 1971712
12.449799 13.453815 1889388
13.453815 14.457831 1806717
14.457831 15.461847 1718857
15.461847 16.465863 1631150
16.465863 17.469880 1545634
17.469880 18.473896 1454646
18.473896 19.477912 1362214
19.477912 20.481928 1268658
20.481928 21.485944 1176733
21.485944 22.489960 1093257
22.489960 23.493976 1015290
23.493976 24.497992 935517
24.497992 25.502008 856895
25.502008 26.506024 779064
26.506024 27.510040 703440
27.510040 28.514056 637020
28.514056 29.518072 575632
29.518072 30.522088 520960
30.522088 31.526104 468271
31.526104 32.530120 418064
32.530120 33.534137 373633
33.534137 34.538153 331432
34.538153 35.542169 290943
35.542169 36.546185 255246
36.546185 37.550201 224723
37.550201 38.554217 198167
38.554217 39.558233 175549
39.558233 40.562249 154166
40.562249 41.566265 132174
41.566265 42.570281 114948
42.570281 43.574297 99338
43.574297 44.578313 85148
44.578313 45.582329 74047
45.582329 46.586345 63444
46.586345 47.590361 53820
47.590361 48.594378 46489
48.594378 49.598394 40754
49.598394 50.602410 35417
50.602410 51.606426 30954
51.606426 52.610442 26825
52.610442 53.614458 22931
53.614458 54.618474 19452
54.618474 55.622490 16606
55.622490 56.626506 14532
56.626506 57.630522 12887
57.630522 58.634538 11197
58.634538 59.638554 9617
59.638554 60.642570 8063
60.642570 61.646586 7115
61.646586 62.650602 6162
62.650602 63.654618 5611
63.654618 64.658635 4859
64.658635 65.662651 4584
65.662651 66.666667 4030
66.666667 67.670683 3574
67.670683 68.674699 3311
68.674699 69.678715 3149
69.678715 70.682731 2698
70.682731 71.686747 2523
71.686747 72.690763 2228
72.690763 73.694779 1980
73.694779 74.698795 1712
74.698795 75.702811 1544
75.702811 76.706827 1402
76.706827 77.710843 1247
77.710843 78.714859 1233
78.714859 79.718876 1034
79.718876 80.722892 959
80.722892 81.726908 899
81.726908 82.730924 792
82.730924 83.734940 773
83.734940 84.738956 687
84.738956 85.742972 616
85.742972 86.746988 561
86.746988 87.751004 506
87.751004 88.755020 522
88.755020 89.759036 418
89.759036 90.763052 411
90.763052 91.767068 333
91.767068 92.771084 318
92.771084 93.775100 302
93.775100 94.779116 234
94.779116 95.783133 199
95.783133 96.787149 186
96.787149 97.791165 133
97.791165 98.795181 137
98.795181 99.799197 132
99.799197 100.803213 112
100.803213 101.807229 95
101.807229 102.811245 62
102.811245 103.815261 59
103.815261 104.819277 56
104.819277 105.823293 43
105.823293 106.827309 40
106.827309 107.831325 44
107.831325 108.835341 38
108.835341 109.839357 40
109.839357 110.843373 43
110.843373 111.847390 26
111.847390 112.851406 27
112.851406 113.855422 25
113.855422 114.859438 17
114.859438 115.863454 11
115.863454 116.867470 3
116.867470 117.871486 0
117.871486 118.875502 0
118.875502 119.879518 0
119.879518 120.883534 0
120.883534 121.887550 0
121.887550 122.891566 0
122.891566 123.895582 0
123.895582 124.899598 0
124.899598 125.903614 0
125.903614 126.907631 0
126.907631 127.911647 0
127.911647 128.915663 0
128.915663 129.919679 0
129.919679 130.923695 0
130.923695 131.927711 0
131.927711 132.931727 0
132.931727 133.935743 0
133.935743 134.939759 0
134.939759 135.943775 0
135.943775 136.947791 0
136.947791 137.951807 0
137.951807 138.955823 0
138.955823 139.959839 0
139.959839 140.963855 0
140.963855 141.967871 0
141.967871 142.971888 0
142.971888 143.975904 0
143.975904 144.979920 0
144.979920 145.983936 0
145.983936 146.987952 0
146.987952 147.991968 0
147.991968 148.995984 0
148.995984 150.000000 0
