# bin_low_uJy bin_high_uJy bin_median_uJy Ns_tot_obs dnds_srm1Jym1 dnds_eucl_srm1Jy1p5 delta_dnds_eucl_lower_srm1Jy1p5 delta_dnds_eucl_upper_srm1Jy1p5 corr Ncgts_degm2 dNcgts_lower_degm2 dNcgts_upper_degm2
-1056.000000 -750.000000 -903.000000 2 2.743115e+03 nan nan nan 1.000000 2 2 2
-750.000000 -500.000000 -625.000000 18 3.030143e+04 nan nan nan 1.000000 2 2 2
-500.000000 -400.000000 -450.000000 50 1.525172e+05 nan nan nan 1.000000 2 2 2
-400.000000 -350.000000 -375.000000 86 5.246591e+05 nan nan nan 1.000000 2 2 2
-350.000000 -300.000000 -325.000000 205 1.563301e+06 nan nan nan 1.000000 2 2 2
-300.000000 -250.000000 -275.000000 417 3.179983e+06 nan nan nan 1.000000 2 2 2
-250.000000 -200.000000 -225.000000 660 5.592296e+06 nan nan nan 1.000000 2 2 2
-200.000000 -170.000000 -185.000000 578 6.781148e+06 nan nan nan 1.000000 2 1 1
-170.000000 -150.000000 -160.000000 505 8.557908e+06 nan nan nan 1.000000 2 1 1
-150.000000 -130.000000 -140.000000 605 1.230305e+07 nan nan nan 1.000000 2 1 1
-130.000000 -115.000000 -122.500000 515 1.208405e+07 nan nan nan 1.000000 2 1 1
-115.000000 -100.000000 -107.500000 592 1.504836e+07 nan nan nan 1.000000 2 1 1
-100.000000 -85.000000 -92.500000 651 1.654811e+07 nan nan nan 1.000000 2 1 1
-85.000000 -70.000000 -77.500000 689 1.910624e+07 nan nan nan 1.000000 2 1 1
-70.000000 -60.000000 -65.000000 434 1.470943e+07 nan nan nan 1.000000 2 1 1
-60.000000 -50.000000 -55.000000 485 1.849271e+07 nan nan nan 1.000000 2 1 1
-50.000000 -40.000000 -45.000000 513 1.956033e+07 nan nan nan 1.000000 2 1 1
-40.000000 -30.000000 -35.000000 489 1.491618e+07 nan nan nan 1.000000 2 1 1
-30.000000 -10.000000 -20.000000 1060 2.717113e+07 nan nan nan 1.000000 2 1 1
-10.000000 -0.500000 -5.250000 572 2.180996e+07 nan nan nan 1.000000 1 1 1
-0.500000 0.500000 0.000000 52 3.776616e+06 0.000000e+00 0.000000e+00 0.000000e+00 1.000000 1 1 1
0.500000 10.000000 5.250000 477 2.425023e+07 1.531490e-06 7.012210e-08 7.012210e-08 1.000000 1 1 1
10.000000 20.000000 15.000000 568 2.193158e+07 1.911165e-05 8.019069e-07 8.019069e-07 1.000000 1 1 1
20.000000 30.000000 25.000000 563 2.146679e+07 6.708373e-05 2.827242e-06 2.827242e-06 1.000000 1 1 1
30.000000 40.000000 35.000000 575 2.192434e+07 1.588901e-04 6.626173e-06 6.626173e-06 1.000000 1 1 1
40.000000 50.000000 45.000000 526 2.005601e+07 2.724431e-04 1.187908e-05 1.187908e-05 1.000000 1 1 1
50.000000 60.000000 55.000000 513 1.956033e+07 4.388164e-04 1.937422e-05 1.937422e-05 1.000000 1 1 1
60.000000 70.000000 65.000000 558 2.127615e+07 7.247302e-04 3.068028e-05 3.068028e-05 1.000000 1 1 1
70.000000 80.000000 75.000000 482 1.837832e+07 8.952802e-04 4.077889e-05 4.077889e-05 1.000000 1 1 1
80.000000 90.000000 85.000000 498 1.898839e+07 1.264839e-03 5.667881e-05 5.667881e-05 1.000000 1 1 1
90.000000 100.000000 95.000000 474 1.807329e+07 1.589813e-03 7.302254e-05 7.302254e-05 1.000000 1 1 1
100.000000 110.000000 105.000000 470 1.792077e+07 2.024556e-03 9.338582e-05 9.338582e-05 1.000000 1 1 1
110.000000 120.000000 115.000000 428 1.450608e+07 2.057286e-03 9.944266e-05 9.944266e-05 1.000000 1 1 1
120.000000 135.000000 127.500000 675 1.871802e+07 3.435859e-03 1.322463e-04 1.322463e-04 1.000000 1 1 1
135.000000 150.000000 142.500000 569 1.446371e+07 3.506040e-03 1.469809e-04 1.469809e-04 1.000000 1 1 1
150.000000 165.000000 157.500000 489 1.243015e+07 3.869704e-03 1.749941e-04 1.749941e-04 1.000000 0 1 1
165.000000 180.000000 172.500000 467 1.187092e+07 4.639350e-03 2.146835e-04 2.146835e-04 1.000000 0 1 1
180.000000 195.000000 187.500000 428 1.087956e+07 5.237384e-03 2.531585e-04 2.531585e-04 1.000000 0 1 1
195.000000 210.000000 202.500000 360 9.151030e+06 5.339893e-03 2.814371e-04 2.814371e-04 1.000000 0 1 1
210.000000 225.000000 217.500000 345 8.769738e+06 6.118356e-03 3.294012e-04 3.294012e-04 1.000000 0 1 1
225.000000 240.000000 232.500000 294 6.898469e+06 5.686043e-03 3.316167e-04 3.316167e-04 1.000000 0 0 0
240.000000 260.000000 250.000000 316 6.426057e+06 6.350305e-03 3.572326e-04 3.572326e-04 1.000000 0 0 0
260.000000 280.000000 270.000000 305 5.814717e+06 6.965271e-03 3.988303e-04 3.988303e-04 1.000000 0 0 0
280.000000 300.000000 290.000000 233 3.948500e+06 5.654929e-03 3.704667e-04 3.704667e-04 1.000000 0 0 0
300.000000 330.000000 315.000000 255 3.535625e+06 6.226480e-03 3.899173e-04 3.899173e-04 1.000000 0 0 0
330.000000 360.000000 345.000000 187 2.193901e+06 4.850257e-03 3.546859e-04 3.546859e-04 1.000000 0 0 0
360.000000 400.000000 380.000000 167 1.591898e+06 4.480993e-03 3.467496e-04 3.467496e-04 1.000000 0 0 0
400.000000 450.000000 425.000000 107 8.589125e+05 3.198315e-03 3.091928e-04 3.091928e-04 1.000000 0 0 0
450.000000 500.000000 475.000000 69 4.209474e+05 2.069960e-03 2.491938e-04 2.491938e-04 1.000000 0 0 0
500.000000 600.000000 550.000000 69 3.507895e+05 2.488590e-03 2.995910e-04 2.995910e-04 1.000000 0 0 0
600.000000 650.000000 625.000000 25 1.525172e+05 1.489426e-03 2.978851e-04 2.978851e-04 1.000000 0 0 0
650.000000 700.000000 675.000000 13 9.913616e+04 1.173523e-03 3.254767e-04 3.254767e-04 1.000000 0 0 0
700.000000 750.000000 725.000000 28 2.135240e+05 3.021982e-03 5.711008e-04 5.711008e-04 1.000000 0 0 0
